"","LEVEL_3_CO","annon_fric","annon_sric_sqrt","brd_fric_sqrt","brd_sric_sqrt","mml_fric_sqrt","mml_sric_sqrt","area_km2","annual_temp","annual_prec","prec_season","elev_range","npp_range","continent"
"1","AND",0.319503432995451,0.262057725116198,0.127472141785505,0.156123213337706,0.00284894796520966,0.0730759799229674,0.00106120669761444,0.891450921300472,0.879927384508588,0.361940273036727,0.0175157395741554,0.359830597488682,"ASIA-TROPICAL"
"2","ANG",0.330082310611768,0.284052701762418,0.967345664069801,0.675308016924502,0.557534015643987,0.76363665321965,0.323339096351061,0.553047795854613,0.253067550960449,0.475151127218991,0.264607370150233,0.420837603603324,"AFRICA"
"3","ASS",0.308988274841067,0.246732905015124,0.644548468948961,0.544944537422523,0.520553842239212,0.577263333389417,0.044226835757911,0.630711584337765,0.773589120084455,0.426548000871658,0.270579612864363,0.534431849174173,"ASIA-TROPICAL"
"4","BAH",9.3328220932679e-08,0,0.391171651184947,0.174694756317333,3.67944140730453e-06,0,0.00285758393614441,0.806831497993289,0.254598334101865,0.225067920162109,0,0.887026713101839,"SOUTHERN AMERICA"
"5","BAN",0.388410703739314,0.269514774965373,0.637938219143257,0.527200330163987,0.51237254918012,0.539361495944519,0.0357511662310806,0.788982452075777,0.687092396239601,0.468412096008353,0.0262886917330249,0.469581677867957,"ASIA-TROPICAL"
"6","BEN",0.341678325208756,0.187807139136774,0.822872968298345,0.512695512932063,0.538508968524048,0.613275900390842,0.0298391573157175,0.889794305770612,0.259135289859009,0.4659146835939,0.0711522368511652,0.144934328249899,"AFRICA"
"7","BKN",0.0437543753088762,0.0659564195015303,0.555714038368737,0.364683209149795,0.531543132275259,0.609751854182085,0.070603403758555,0.967431733567647,0.160609812048762,0.627494164185935,0.0245007001571707,0.126379381479528,"AFRICA"
"8","BLZ",0.312273640340743,0.159232882486164,0.779302542011259,0.403191115736573,0.386183535018094,0.433870649219628,0.00529330749643074,0.77328887989989,0.579763553453249,0.218408045404596,0.117786077770716,0.541208337543969,"SOUTHERN AMERICA"
"9","BOL",0.617703348601021,0.579099619571228,0.849152228500383,0.906235955610048,0.48997875667582,0.801020994479687,0.283142948607457,0.448399532158048,0.299559822460444,0.365611653999719,0.775846113863312,1,"SOUTHERN AMERICA"
"10","BOR",0.292306190658754,0.796164412430819,0.497451970591198,0.421578560151025,0.678174988785457,0.644285618005174,0.192729165787543,0.789402703623562,0.911295020668572,0.0219608122566273,0.173897143147612,0.147840305159129,"ASIA-TROPICAL"
"11","BOT",0.00745019885407453,0.0187948922599852,0.654609658337182,0.442160412687594,0.531507676055702,0.640900430810129,0.150480965932272,0.560876583489459,0.0370408083077828,0.478817069685425,0.0587202611650269,0.108333388080974,"AFRICA"
"12","BUR",0.0100416038149113,0.0357867736956649,0.805684335180114,0.544944537422523,0.534641777197131,0.623751262272868,0.00660870354816545,0.469540912481002,0.306191165121444,0.27832197890443,0.236507576801531,0.150750878088777,"AFRICA"
"13","BZC",0.395274615751962,0.447107869517493,0.652835652010422,0.707686795861849,0.412265060813457,0.616783668988839,0.419280804641587,0.744256099223583,0.446341405695502,0.339195719317634,0.131956760846777,0.381277795031046,"SOUTHERN AMERICA"
"14","BZE",0.610997780337655,0.612677154580354,0.810406516915251,0.686229531714453,0.434904382869707,0.573562975142278,0.402653870298989,0.816839675884144,0.23980159146097,0.39135652008194,0.14723011560901,0.382027207698812,"SOUTHERN AMERICA"
"15","BZL",0.5853765611441,0.525653641691214,0.856382848057147,0.677303637384864,0.422407137230045,0.595488236405118,0.240762978017566,0.606528482053031,0.331594526419735,0.349267233716105,0.173255132723559,0.451032584490099,"SOUTHERN AMERICA"
"16","BZN",0.639114045431314,1,0.893607426887754,0.839123787137085,0.412809631744759,0.654355292466143,1,0.790937491930773,0.636843934834843,0.224186850752682,0.0694322633942896,0.398037270059446,"SOUTHERN AMERICA"
"17","BZS",0.369015299375595,0.178551070495377,0.841882697654158,0.635463133589507,0.351577966269971,0.58460783938374,0.14691346960581,0.410278784504254,0.442556552750908,0,0.190802122030542,0.553030494348274,"SOUTHERN AMERICA"
"18","CAB",0.341087631174046,0.311784335954372,0.816049338380665,0.434005435245107,0.470205510750546,0.349473449831867,0.00133549413291572,0.738293035058102,0.290746250304911,0.383736007575933,0.082782278307523,0.361041849858396,"AFRICA"
"19","CAF",0.519429580588828,0.457473419551351,0.837214772442601,0.551927980871037,0.774143665063228,0.766566736853932,0.160987640180039,0.759835417139264,0.35179108299773,0.379631839286562,0.0847359896040155,0.424585491895806,"AFRICA"
"20","CBD",0.226335799959944,0.311784335954372,0.639118950341714,0.477678744217571,0.722220076711352,0.531526799144169,0.0470248603459739,0.878845151098825,0.514699988272675,0.40160679145331,0.100254645211189,0.50128327601892,"ASIA-TROPICAL"
"21","CHA",0.0220105110190921,0.0357867736956649,0.641289786534528,0.517562158904028,0.533536857679832,0.591879260261723,0.331523322371476,0.87272331734767,0.0120666805925056,1,0.146575325298153,0.18209049764976,"AFRICA"
"22","CHC",0.304277443499239,0.311784335954372,0.652360023363354,0.611069551740465,1,0.915337962668221,0.340942658380057,0.0280609620456625,0.253067354143033,0.386957278291909,0.806471407032321,0.491295958878417,"ASIA-TEMPERATE"
"23","CHH",0.358735420681552,0.318465764972328,0.371447991091041,0.296444806122587,0.326960949373577,0.321762618372974,0.00839523733381177,0.705097985511013,0.471650582611277,0.350646739491137,0.1143016742699,0.584370626356617,"ASIA-TEMPERATE"
"24","CHS",0.357198162376337,0.291145721489225,0.637441194888954,0.542602506850204,0.439254276380329,0.667587713742026,0.37154945863595,0.337182648807415,0.36887655024163,0.278659884681852,0.155261344509279,0.263802108938073,"ASIA-TEMPERATE"
"25","CLM",0.551171502532514,0.949695824395096,0.942582104283913,0.988214925085756,0.359246771924752,0.699763665253909,0.295959308592181,0.660249935902113,0.832155313552169,0.145849498444518,0.481476916565224,0.548980363398874,"SOUTHERN AMERICA"
"26","CMN",0.64370545980699,0.644853759023156,0.93076655177538,0.692131588792475,0.776184302361433,0.861130910019015,0.120845845190734,0.691504284238217,0.451805429977813,0.363285038721992,0.198564681689081,0.620170359153184,"AFRICA"
"27","CON",0.528722891149737,0.548413526097131,0.865549247543293,0.553085752908874,0.69296146574041,0.647656369236615,0.0893231249870276,0.701154489627281,0.427025312867231,0.205453447248086,0.085048676858564,0.377261383275032,"AFRICA"
"28","COS",0.514973558727739,0.516335023476919,0.869751167603638,0.549607209812862,0.448226067234016,0.554768216377134,0.0128430431419906,0.67012540261374,0.901887607187932,0.238401061704723,0.360643966887097,0.346962042602499,"SOUTHERN AMERICA"
"29","CUB",0.106910754461465,0.104824980260516,0.638802062508489,0.239621375957984,0.00360110826735176,0.155148024071975,0.0282215288609176,0.77537653359036,0.33746855843531,0.251942095256999,0.0657063420802973,0.671672738375404,"SOUTHERN AMERICA"
"30","DOM",0.0708835667354363,0.0925364110389425,0.481725303346723,0.183660023993454,0.00277503341692098,0.0962136467460924,0.0121521281207878,0.705321900165378,0.35223134337735,0.148783434711478,0.253438796015061,0.699298639360647,"SOUTHERN AMERICA"
"31","ECU",0.496601921387632,0.671987167240279,0.891151023191119,0.915724572271975,0.392174007101001,0.60621130163113,0.0642270079285331,0.480711124784751,0.620562234694617,0.200689017188008,0.667062217331114,0.650270573226714,"SOUTHERN AMERICA"
"32","EHM",0.0530057131506426,0.104824980260516,0.666941491971079,0.615363100748737,0.520543152547511,0.677372510279966,0.0341438442970294,0,0.701885655924895,0.417428904090048,0.906436798515909,0.649117618631353,"ASIA-TROPICAL"
"33","ELS",0.312727291133825,0.149120268532594,0.743489295711103,0.388668891905186,0.197965626709813,0.447520107504659,0.00488651182610108,0.773785001943085,0.4110048821224,0.490439082616537,0.189652622594106,0.307883450696979,"SOUTHERN AMERICA"
"34","EQG",0.267128622292905,0.149120268532594,0.767072215189579,0.397423234457835,0.691804812219076,0.419892146652946,0.00601150187880629,0.649573243939475,0.712799297071471,0.251642884393403,0.125654793602204,0.0618793074890027,"AFRICA"
"35","ETH",0.121331555450881,0.0796164412430819,0.825829901652424,0.654078877197002,0.770534841067314,0.874298565232022,0.293846882328616,0.625041754453198,0.189022621648069,0.463813242439677,0.409984461728461,0.504589662183456,"AFRICA"
"36","FLA",0.000187164304909486,0.0187948922599852,0.593578967345785,0.278822810581045,0.139904684111529,0.29230391969187,0.03777711473433,0.555793125791372,0.353499816856096,0.163623570873127,0.00746386489077852,0.47150816190593,"NORTHERN AMERICA"
"37","FRG",0.446055499249693,0.467667602762662,0.829351928638251,0.536715707128601,0.18511948205987,0.4652455531676,0.0213427924901706,0.798887289082616,0.772794559910145,0.178996340861939,0.044126540128853,0,"SOUTHERN AMERICA"
"38","GAB",0.68295977732202,0.620845742241151,0.851402859307951,0.513915200973178,0.69296146574041,0.519601901473142,0.0675646728962956,0.691780093061734,0.504400558626343,0.285783477483428,0.121562858606369,0.310844520026293,"AFRICA"
"39","GAM",0.133901630972915,0.0796164412430819,0.786665032999601,0.47123903667071,0.487255357238328,0.4652455531676,0.00231020149736995,0.952995546158505,0.169543363318368,0.763716755569466,0.00476437611162068,0.175962009587037,"AFRICA"
"40","GGI",0.302756084524184,0.238849323729246,0.342410753305414,0.194593893175604,0.419880101662373,0.254101666310104,0.000346567190012002,0.656153571531392,0.672039241311203,0.282501916015902,0.172535598706984,0.314480823366423,"AFRICA"
"41","GHA",0.50920991628009,0.325055023102945,0.895557080015154,0.563428683759007,0.534973969306754,0.693427129403348,0.0619107680315807,0.882407930212528,0.311439225216721,0.327458581091096,0.0526918494460357,0.507197170388818,"AFRICA"
"42","GNB",0.254687039375741,0.159232882486164,0.76227311838127,0.429889557496122,0.503195550040175,0.447520107504659,0.00838034408098016,0.924885083451892,0.416201365810919,0.704508405406744,0.0135734379793162,0.350224543279354,"AFRICA"
"43","GUA",0.398405230965205,0.246732905015124,0.829868307101094,0.500385020021409,0.388531859378589,0.558567269548496,0.0279647223499655,0.598544045277022,0.590803535929981,0.306371743031289,0.435385839176191,0.50398709205305,"SOUTHERN AMERICA"
"44","GUI",0.433789258107274,0.291145721489225,0.896593660865384,0.564569478729575,0.541293774083013,0.693427129403348,0.0634849212319025,0.813583170341096,0.47472891488359,0.503891405082668,0.140631222920162,0.365133752220555,"AFRICA"
"45","GUY",0.497186250211547,0.548413526097131,0.861787954701745,0.606753698131223,0.185316494316771,0.515579182703333,0.0545094778970936,0.756789554273542,0.614336630877526,0.210941757364818,0.13576314958332,0.469302207500351,"SOUTHERN AMERICA"
"46","HAI",0.0723213419119679,0.104824980260516,0.481455844089387,0.181437490978505,0.00219227446689352,0.0849345789593781,0.00662919488103452,0.746147820934355,0.349510568362801,0.145605601010472,0.1732218682648,0.717919056594,"SOUTHERN AMERICA"
"47","HON",0.348404879920749,0.246732905015124,0.836847669494583,0.510250023095464,0.438524793827778,0.507459474674725,0.0287920167550307,0.651886583917263,0.494480562540867,0.278768686727825,0.260162219434262,0.638490818620332,"SOUTHERN AMERICA"
"48","IND",0.440403538065651,0.254466281566356,0.709597844132797,0.670299389660523,0.57093426005368,0.736828465128755,0.696234910081377,0.828575785610449,0.247499331005274,0.665842655050672,0.132943343488123,0.301471221347246,"ASIA-TROPICAL"
"49","IVO",0.482429127832201,0.447107869517493,0.888457392287212,0.554241793048457,0.541341318199754,0.702914199902386,0.0834022342184902,0.820873725397816,0.323574698311821,0.305664961656183,0.0771716819514975,0.419164564009632,"AFRICA"
"50","JAM",0.0397812926106117,0.0514124213150171,0.443427039113899,0.16783473031967,0.00336141500294817,0.106990660232991,0.00239447164944885,0.782211076423499,0.46729567223403,0.158280322543748,0.119101216706943,0.637536156224287,"SOUTHERN AMERICA"
"51","JAW",0.21026905978938,0.305006756441024,0.582399553541845,0.387197558335794,0.390133869419792,0.50336155694525,0.0336446150766891,0.788073548290809,0.748308848456425,0.231040191023392,0.208759875553948,0.645267596668511,"ASIA-TROPICAL"
"52","KEN",0.204904485791278,0.269514774965373,0.925797475479986,0.755614765878764,0.548640330829183,0.949987738998577,0.151409558075751,0.738388938884405,0.114697670809545,0.398488189101141,0.371483239865365,0.459157289051937,"AFRICA"
"53","LAO",0.379442358441523,0.374850441752283,0.605679683341325,0.443509827056936,0.722220076711352,0.680608375280182,0.0595324779047661,0.627409899057395,0.512940159320423,0.44250793354935,0.205667788601162,0.402824255698933,"ASIA-TROPICAL"
"54","LBR",0.47900784850055,0.374850441752283,0.881363078600483,0.478959563281206,0.482993049688596,0.558567269548496,0.0245798314480876,0.763963841087086,0.736008191015306,0.266762580591377,0.0885586629890549,0.0720428918257671,"AFRICA"
"55","LEE",0.0919578551593045,0.0925364110389425,0.337668034737432,0.139085465914272,0.00192577622691222,0.0471889098425859,0.00040456106347227,0.835164569040183,0.370963637322557,0.110065090633097,0.0449294531171384,0.760230944137776,"SOUTHERN AMERICA"
"56","LSI",0.191001543727877,0.205615486073263,0.660498004102625,0.480238038662713,0.38931205036584,0.4652455531676,0.0269614014376169,0.784683186600439,0.453838810454511,0.349469093897724,0.148443664157819,0.645185006842892,"ASIA-TROPICAL"
"57","MDG",0.206939509061076,0.318465764972328,0.610905710235569,0.271597073889922,0.493974989606107,0.452000714973822,0.154310175827477,0.617003734633048,0.390069709479993,0.489900480489918,0.254983987399373,0.761613486693289,"AFRICA"
"58","MLI",0.0185066861353389,0.0357867736956649,0.69886798606943,0.526002371127442,0.528405605320267,0.623751262272868,0.326410362839775,1,0.0111478254358737,0.741152695449532,0.0419947294581807,0.151420233780038,"AFRICA"
"59","MLW",0.137847983326475,0.149120268532594,0.786318281821635,0.531973075074868,0.531498331449813,0.667587713742026,0.0304529291981969,0.559389402501269,0.268669342488004,0.542603288330761,0.226554184007362,0.11961508059296,"AFRICA"
"60","MLY",0.252354491781543,0.628929674470766,0.544943388400171,0.459493721784035,0.535044615308756,0.640900430810129,0.034010324235816,0.819135087051675,0.727179030399548,0.113795002127952,0.1411947905033,0.308831492472611,"ASIA-TROPICAL"
"61","MOL",0.0533043803086969,0.0925364110389425,0.618371191701935,0.273413433956111,0.0885950537887943,0.310207388503998,0.0151066368941818,0.769984038175679,0.679887883576732,0.0625910211596336,0.129816243894721,0.261272406404402,"ASIA-TROPICAL"
"62","MOZ",0.235466843552112,0.254466281566356,0.787764345899665,0.587046696386364,0.531486270451772,0.745854053258007,0.20480370591366,0.678846960927421,0.239820494450858,0.492744481787988,0.176127354670683,0.208142187911651,"AFRICA"
"63","MXC",0.224960268553308,0.104824980260516,0.723641760124867,0.442160412687594,0.394008550465618,0.58460783938374,0.0168136585744373,0.304743172229281,0.222174578406102,0.447604329190035,0.467688055481868,0.493253686199262,"NORTHERN AMERICA"
"64","MXE",8.15345130296246e-07,0,0.723021001274944,0.496650621460348,0.158975813792994,0.736828465128755,0.226892836332675,0.391291031231673,0.0811234817967387,0.40047993001992,0.436838087173554,0.428735303695353,"NORTHERN AMERICA"
"65","MXG",0.275503103467369,0.205615486073263,0.828652358004781,0.511473790377879,0.386364696095777,0.595488236405118,0.0180912152794539,0.710217655117236,0.470609975026035,0.350492436609545,0.365374564961514,0.420818249728822,"NORTHERN AMERICA"
"66","MXN",0.000270384742092435,0,0.694031010702299,0.443509827056936,0.134861983796596,0.647656369236615,0.0994410584719676,0.5648363525418,0.027599263820493,0.475191913902953,0.273987395399283,0.242558226786097,"NORTHERN AMERICA"
"67","MXS",0.369617085084993,0.254466281566356,0.828204002452113,0.558848788743774,0.438596980481675,0.742855705234568,0.0854304565095658,0.537769710283476,0.276031868447169,0.551129114489825,0.422279378365432,0.475262470352985,"NORTHERN AMERICA"
"68","MXT",0.38191663787267,0.284052701762418,0.843056602749781,0.509024200783883,0.391098152158692,0.588252549271415,0.0612631406637861,0.760859186656695,0.404967234818733,0.303996394433341,0.244032091831369,0.524551935541553,"NORTHERN AMERICA"
"69","MYA",0.233715329433715,0.374850441752283,0.731655323167202,0.678299784594398,0.510028579674414,0.817786419126569,0.173923006007394,0.66466792895266,0.613081608945056,0.485646030145965,0.306800232823406,0.621271950412843,"ASIA-TROPICAL"
"70","NAM",0.00113106445554329,0,0.730629100774934,0.491640928740749,0.523605502677483,0.627211518908148,0.209561220491934,0.514820910090572,0,0.587143182421906,0.251767981370394,0.12468698171398,"AFRICA"
"71","NAT",0.00733775859349398,0.0357867736956649,0.732732933891115,0.521191165935635,0.493540660673188,0.627211518908148,0.0237185957294215,0.321250564636044,0.189651605553964,0.272075386674613,0.336889152570328,0.327350702796515,"AFRICA"
"72","NCB",0.257142162718607,0.214201328261444,0.010454839522749,0.11054079659516,0.0192611057775339,0.0471889098425859,0,0.901463036974815,0.879481507578694,0.18016442822136,0.024699927703697,0.36048678619545,"ASIA-TROPICAL"
"73","NEP",0.0560821324191872,0.0659564195015303,0.635582526556989,0.599146222082841,0.554388996308269,0.657683819306707,0.0379382542016021,0.0216065456529818,0.445587976699251,0.54604531474759,1,0.398823129462974,"ASIA-TROPICAL"
"74","NGA",0.532533176089836,0.457473419551351,0.907044776067413,0.672306215293062,0.558717712988385,0.78107827775097,0.236700902949516,0.860142430421579,0.285557849759204,0.541957593939992,0.125629607006804,0.457996883109938,"AFRICA"
"75","NIC",0.455395313867922,0.305006756441024,0.837407409953775,0.494150169608424,0.347821251615916,0.49090966352291,0.0329587411170241,0.788448354217313,0.626987035249691,0.31050479041563,0.152627170617437,0.41523503897523,"SOUTHERN AMERICA"
"76","NTA",0.000833248331451008,0,0.533567426729977,0.39597282144716,0.187396802781119,0.486704590351379,0.351598704308563,0.789243166947896,0.0936757203342418,0.45358554147329,0.116199112631988,0.23256224920658,"AUSTRALASIA"
"77","NWC",0.0489120466159532,0.0357867736956649,0.135933335918248,0.0543206306188456,0,0,0.00453311644816695,0.601363791887501,0.453376490849159,0.179859871677322,0.0919111666679652,0.565354332127631,"PACIFIC"
"78","NWG",0.175509143832866,0.305006756441024,0.636646394755835,0.440808241589776,0.169287793384347,0.580944859930147,0.212635770508404,0.665136649398331,0.940539271108313,0.0519175919076257,0.430899704477746,0.272741806309608,"ASIA-TROPICAL"
"79","PAN",0.433564194661077,0.566107417266779,0.864111517032998,0.579251602035025,0.448218414389555,0.543245455953887,0.0189690843444586,0.741852941564182,0.757832838111118,0.232688690946157,0.19761782232981,0.399040136617531,"SOUTHERN AMERICA"
"80","PAR",0.084677447688832,0.0796164412430819,0.615179033663964,0.495401488391722,0.432389107773116,0.550948459458828,0.103621152144614,0.686606299069791,0.295473147537333,0.165179285592662,0.0480794146983353,0.402571673992441,"SOUTHERN AMERICA"
"81","PER",0.580354047597097,0.875780853673901,0.91010103479001,1,0.520624901236783,0.786819696313788,0.336485159747258,0.380517631957575,0.433172504381607,0.259101349202587,0.8373553123343,0.98531101747429,"SOUTHERN AMERICA"
"82","PHI",0.186777999052296,0.38658993918953,0.613047209503436,0.418784188651291,0.584807826558582,0.550948459458828,0.0764455142945477,0.805529366461764,0.68387755584508,0.213812062882756,0.17505624161802,0.525130920761309,"ASIA-TROPICAL"
"83","PUE",0.112907977847499,0.104824980260516,0.372528038248504,0.158494529364573,0.00162308317055676,0.0605381239355942,0.0019267047185401,0.799807450048131,0.431059086806993,0.113044996953509,0.103597262454629,0.651524857529964,"SOUTHERN AMERICA"
"84","QLD",0.30192161317784,0.222594156201383,0.654847853914205,0.490382983322971,0.191823714633142,0.680608375280182,0.450803798287701,0.676215873300313,0.11260572926403,0.357464669385416,0.0964941233441926,0.427057915252476,"AUSTRALASIA"
"85","RWA",0.0944165737776909,0.0187948922599852,0.82115837285765,0.574762924661062,0.552425017015917,0.693427129403348,0.00607646904869997,0.409377379638307,0.293130185010666,0.202519757407837,0.186088791369583,0.184664737447477,"AFRICA"
"86","SEN",0.186143081567799,0.149120268532594,0.799304441228069,0.522396891410766,0.51671760969453,0.591879260261723,0.0506933960306162,0.977388844973319,0.122156111116792,0.773090860708457,0.0229283990728997,0.194726049572043,"AFRICA"
"87","SIE",0.423996239592571,0.305006756441024,0.890362031748913,0.505334299356898,0.476224287234397,0.543245455953887,0.0184379770124488,0.793400956149085,0.777794284742991,0.409363310499408,0.093287348763515,0.315263355929188,"AFRICA"
"88","SOL",0.0190849095965536,0.0187948922599852,0.418210960686078,0.16783473031967,0.00173390582522996,0.146151959845935,0.00913911879676846,0.804076380802917,1,0.017266165773928,0.118739482518471,0.388600194906216,"ASIA-TROPICAL"
"89","SOM",0.00876068412020663,0.0187948922599852,0.706331263943724,0.526002371127442,0.723319693555456,0.60621130163113,0.165610561288813,0.86350089621737,0.00457028693592856,0.553744925523796,0.217745725505865,0.166040486960969,"AFRICA"
"90","SRL",0.192214884268906,0.178551070495377,0.541629496867082,0.347605118246587,0.410524635080905,0.360133280311916,0.0168171430451649,0.867922819407492,0.45111450299061,0.287611420460837,0.143260314009997,0.427516516539035,"ASIA-TROPICAL"
"91","SUD",0.262364199315763,0.178551070495377,0.927255561650679,0.716323010149119,0.744649933262843,0.866418520469768,0.648714351495538,0.878740047791132,0.0419018750107098,0.845738239190087,0.108480184037576,0.32692953378195,"AFRICA"
"92","SUL",0.26546011774273,0.196822667006134,0.611179904025428,0.328367909637147,0.596735724215908,0.415155292610698,0.0480671172905202,0.695947752781783,0.678120563873866,0.105859513061674,0.274924352150563,0.389605370494878,"ASIA-TROPICAL"
"93","SUM",0.233232524372475,0.403740372483072,0.556887181347446,0.443509827056936,0.443415508702202,0.591879260261723,0.122449009494974,0.764930848161538,0.788658310158549,0.0683057811778851,0.232623720590384,0.426810211373081,"ASIA-TROPICAL"
"94","SUR",0.436661189063098,0.452312606628566,0.876839442145725,0.540253258875026,0.185316516420807,0.482471388659308,0.0373689489100088,0.799231622785076,0.629217179395022,0.194912572393404,0.0668960651935269,0.056771265841166,"SOUTHERN AMERICA"
"95","SWZ",0.0040442433798435,0.0187948922599852,0.338766777392015,0.251154920500064,0.462476141839167,0.562345952021124,0.00398251739997598,0.410147268791988,0.178520916570652,0.314756877933709,0.209119300372192,0.0790298798197275,"AFRICA"
"96","TAI",0.090710046887218,0.0925364110389425,0.369853970561407,0.294709771114206,0.0688815457662691,0.286171367606526,0.00895331408557237,0.420391642789091,0.66516123398361,0.302827736891726,0.422332513587484,0.537849712973621,"ASIA-TEMPERATE"
"97","TAN",0.525131843105062,0.492455775529517,0.913212455487792,0.742695766149959,0.547539336015186,0.902685664093348,0.245256140301338,0.597815241184493,0.235054210192608,0.43321669113112,0.295108630558648,0.251190038020063,"AFRICA"
"98","THA",0.263831589890824,0.709279954626426,0.765506550416969,0.636507959613847,0.758749571727154,0.772398864544804,0.133379876215832,0.838407731698795,0.413738790596804,0.396221938707879,0.162753790364095,0.460698816234591,"ASIA-TROPICAL"
"99","TOG",0.173373961786857,0.116566560215516,0.827710661291038,0.516348513953974,0.534963320551797,0.595488236405118,0.0144256821595154,0.860426609374809,0.296280917246985,0.366082526421891,0.0909553128190197,0.205699370000476,"AFRICA"
"100","TRT",0.216343922054826,0.178551070495377,0.763318615012004,0.334854461551829,0.138558975055547,0.279950563753569,0.000825894021787125,0.845362418678108,0.534943510358169,0.180801225764,0.0465508324489673,0.532886767658762,"SOUTHERN AMERICA"
"101","TVL",0.0100130377863258,0.0659564195015303,0.736950066961264,0.484059530321138,0.547780919385268,0.718494695058987,0.087153151613651,0.386155451800017,0.102658212080282,0.385013243259686,0.244447845658392,0.205967517196978,"AFRICA"
"102","UGA",0.294044203887446,0.205615486073263,0.912439388751441,0.720135855499047,0.579399095149522,0.912819596314762,0.0627025439516149,0.599405159821485,0.303216740227498,0.170647563268426,0.160227178196945,0.666558993422032,"AFRICA"
"103","VAN",0.0426084467892899,0,0,0,0.000226515833375453,0.0328469034192033,0.00282762482110341,0.723022137156876,0.784456703109698,0.098571190564711,0.0934695456351767,0.45447326256124,"PACIFIC"
"104","VEN",0.545591605035031,0.660468549694231,0.941024746646922,0.821240829126742,0.349858820588167,0.634085996135458,0.237119832015193,0.764085952137487,0.535053785895268,0.265938344149066,0.218181192288023,0.610022203338935,"SOUTHERN AMERICA"
"105","VIE",0.443253403919536,0.51162717583534,0.662509269576765,0.570248742822589,0.722220076711352,0.724648841440832,0.0844884143931861,0.68818752637352,0.531242105001132,0.386239961131619,0.218433224138732,0.501379392565496,"ASIA-TROPICAL"
"106","WIN",0.0732277861093996,0.116566560215516,0.403962114910729,0.160851070405224,0.0297831135248178,0.106990660232991,0.000505994574982319,0.813188955993604,0.612765850239443,0.140037993529783,0.068182917479959,0.662533570149399,"SOUTHERN AMERICA"
"107","ZAI",0.632276358421036,0.60442119488893,1,0.788961649260801,0.579936646372739,1,0.606910344382819,0.642478066343742,0.433451854707485,0.215123459759945,0.194360637574231,0.373439129504035,"AFRICA"
"108","ZAM",0.20370197368133,0.214201328261444,0.87353494364794,0.592568823435593,0.531697652120035,0.742855705234568,0.195791603832454,0.552281470134544,0.23851269045404,0.590832100693057,0.153407633329646,0.114571944745172,"AFRICA"
"109","ZIM",0.0751572020357185,0.127828278785734,0.773785232313085,0.536715707128601,0.53138271381401,0.709180455834171,0.101282172620413,0.516659089543409,0.130577232936469,0.548880185461718,0.188131463275937,0.0920757651057988,"AFRICA"
