"","LEVEL_3_CO","annon_fric","annon_sric_sqrt","brd_fric_sqrt","brd_sric_sqrt","mml_fric_sqrt","mml_sric_sqrt","area_km2","annual_temp","annual_prec","prec_season","elev_range","npp_range","continent"
"1","ANG",0.330082310611768,0.284052701762418,0.391118332400486,0.276069459623593,0.886689984287424,0.435016088302014,0.323104506581976,0.553047795854613,0.249638182147096,0.475151127218991,0.261086910276992,0.420837603603324,"AFRICA"
"2","ASS",0.308988274841067,0.246732905015124,0.154989139514348,0.276069459623593,0.65087612764288,0.155670846269965,0.0438954813015079,0.630711584337765,0.772549606522573,0.426548000871658,0.267087743216228,0.534431849174173,"ASIA-TROPICAL"
"3","BAN",0.388410703739314,0.269514774965373,0.258995837752961,0.19689614130853,0.195835860337843,0.101866780996666,0.0354168733673505,0.788982452075777,0.685655752833391,0.468412096008353,0.0216273564819845,0.469581677867957,"ASIA-TROPICAL"
"4","BEN",0.341678325208756,0.187807139136774,0.313989833266559,0.182030443228973,0.871921182162537,0.285337390048665,0.0295028148333397,0.889794305770612,0.255733779675407,0.4659146835939,0.0667056716480541,0.144934328249899,"AFRICA"
"5","BKN",0.0437543753088762,0.0659564195015303,0.0622504398096412,0.0753994783502263,0.260264176855537,0.129733311809094,0.0702811937243628,0.967431733567647,0.156755944759296,0.627494164185935,0.0198308054613644,0.126379381479528,"AFRICA"
"6","BLZ",0.312273640340743,0.159232882486164,0.37572060524735,0.282057947817265,0.696989896787987,0.285337390048665,0.00494845527865956,0.77328887989989,0.577834134312503,0.218408045404596,0.113562757347371,0.541208337543969,"SOUTHERN AMERICA"
"7","BOL",0.617703348601021,0.579099619571228,0.79577701732296,0.78690058154035,0.858392171996564,0.7274835527601,0.282894423342814,0.448399532158048,0.296343912235146,0.365611653999719,0.774773047953287,1,"SOUTHERN AMERICA"
"8","BOR",0.292306190658754,0.796164412430819,0.225897620126583,0.305276533475969,0.968368112362265,0.518693571653524,0.192449295208992,0.789402703623562,0.910887752126283,0.0219608122566273,0.169942436721859,0.147840305159129,"ASIA-TROPICAL"
"9","BOT",0.00745019885407453,0.0187948922599852,0.0379549382039654,0.0960256517320705,0.02179440093947,0.0380452194101532,0.150186448437673,0.560876583489459,0.0326196023141658,0.478817069685425,0.0542141818061144,0.108333388080974,"AFRICA"
"10","BUR",0.0100416038149113,0.0357867736956649,0.325486556646183,0.189537643074064,0.886817378735853,0.285337390048665,0.00626430736155311,0.469540912481002,0.303005701183144,0.27832197890443,0.232852598045567,0.150750878088777,"AFRICA"
"11","BZC",0.395274615751962,0.447107869517493,0.925747539854971,0.697260134139992,0.763662843983864,0.706547520217532,0.419079476648189,0.744256099223583,0.443799409402538,0.339195719317634,0.12780127809153,0.381277795031046,"SOUTHERN AMERICA"
"12","BZE",0.610997780337655,0.612677154580354,0.610824802459001,0.645490976484228,0.750166381021098,0.717072432923866,0.402446777957943,0.816839675884144,0.236311315040986,0.39135652008194,0.143147749214178,0.382027207698812,"SOUTHERN AMERICA"
"13","BZL",0.5853765611441,0.525653641691214,0.62723579760428,0.557380712573568,0.736229518591236,0.695904999769275,0.240499760153629,0.606528482053031,0.32852569618118,0.349267233716105,0.169297352875741,0.451032584490099,"SOUTHERN AMERICA"
"14","BZN",0.639114045431314,1,0.90091411589874,0.847689243087824,0.764335100978529,0.872076165188027,1,0.790937491930773,0.635176587157207,0.224186850752682,0.0649774643616673,0.398037270059446,"SOUTHERN AMERICA"
"15","BZS",0.369015299375595,0.178551070495377,0.59396179946943,0.474289653528526,0.724262465143032,0.435016088302014,0.146617715305397,0.410278784504254,0.439997179174808,0,0.186928342850182,0.553030494348274,"SOUTHERN AMERICA"
"16","CAB",0.341087631174046,0.311784335954372,0.353368761366078,0.204114439139826,0.885589324317042,0.30398392857921,0.00098926979135547,0.738293035058102,0.287489874587019,0.383736007575933,0.0783913882534539,0.361041849858396,"AFRICA"
"17","CAF",0.519429580588828,0.457473419551351,0.387799783104671,0.276069459623593,0.95603422074487,0.449661726230774,0.160696765216392,0.759835417139264,0.348814980610742,0.379631839286562,0.0803544523255169,0.424585491895806,"AFRICA"
"18","CBD",0.226335799959944,0.311784335954372,0.152877372960442,0.244868786615436,0.605795400059449,0.224988417765917,0.0466944759292738,0.878845151098825,0.512471844713673,0.40160679145331,0.0959473985933986,0.50128327601892,"ASIA-TROPICAL"
"19","CHA",0.0220105110190921,0.0357867736956649,0.115082975000935,0.158517333033738,0.260265117708544,0.101866780996666,0.331291569969944,0.87272331734767,0.00753081162657092,1,0.142489824301584,0.18209049764976,"AFRICA"
"20","CHC",0.304277443499239,0.311784335954372,0.496574124191848,0.353852671767679,0.866972699542892,0.203073179358165,0.340714171543074,0.0280609620456625,0.249637984426038,0.386957278291909,0.805544950037496,0.491295958878417,"ASIA-TEMPERATE"
"21","CHH",0.358735420681552,0.318465764972328,0.120693838145861,0.0960256517320705,0.136628835324783,0,0.00805146051584624,0.705097985511013,0.469224787592095,0.350646739491137,0.110061673365668,0.584370626356617,"ASIA-TEMPERATE"
"22","CHS",0.357198162376337,0.291145721489225,0.46734555822187,0.225002001805427,0.0115532091516119,0.0715637305808829,0.371331582789148,0.337182648807415,0.365978891853968,0.278659884681852,0.151217425085396,0.263802108938073,"ASIA-TEMPERATE"
"23","CLM",0.551171502532514,0.949695824395096,1,1,0.859377680692566,1,0.295715226597295,0.660249935902113,0.831384693218388,0.145849498444518,0.478994651127027,0.548980363398874,"SOUTHERN AMERICA"
"24","CMN",0.64370545980699,0.644853759023156,0.470462423478624,0.327438048816153,1,0.569723281919051,0.120541053574941,0.691504284238217,0.449288520497577,0.363285038721992,0.194728063310559,0.620170359153184,"AFRICA"
"25","CON",0.528722891149737,0.548413526097131,0.430865510734551,0.251288684149575,1,0.557269856777371,0.0890074048432024,0.701154489627281,0.424394631169816,0.205453447248086,0.0806686364715052,0.377261383275032,"AFRICA"
"26","COS",0.514973558727739,0.516335023476919,0.589127265329493,0.511120833766877,0.705232306323615,0.491856328474883,0.0125008083219916,0.67012540261374,0.901437146666976,0.238401061704723,0.357583251878643,0.346962042602499,"SOUTHERN AMERICA"
"27","CUB",0.106910754461465,0.104824980260516,0.0287193724389072,0.0281602075689359,0.125078542213913,0.0380452194101532,0.027884625567233,0.77537653359036,0.334426697465835,0.251942095256999,0.0612337063765631,0.671672738375404,"SOUTHERN AMERICA"
"28","DOM",0.0708835667354363,0.0925364110389425,0.153032708919973,0.0529698484805494,0.125078542213913,0.0380452194101532,0.0118096537692976,0.705321900165378,0.349257262344794,0.148783434711478,0.249864870121781,0.699298639360647,"SOUTHERN AMERICA"
"29","ECU",0.496601921387632,0.671987167240279,0.800098359797001,0.902541094432716,0.859317613249328,0.826047851044039,0.0639025872786288,0.480711124784751,0.618820133329735,0.200689017188008,0.665468382885954,0.650270573226714,"SOUTHERN AMERICA"
"30","EHM",0.0530057131506426,0.104824980260516,0.197253676805551,0.310910327306054,0.65087612764288,0.155670846269965,0.0338089941951328,0,0.70051693237339,0.417428904090048,0.905988894249444,0.649117618631353,"ASIA-TROPICAL"
"31","ELS",0.312727291133825,0.149120268532594,0.428156192734186,0.204114439139826,0.680384682424767,0.339497963584098,0.00454151857742084,0.773785001943085,0.40830064629617,0.490439082616537,0.18577334054837,0.307883450696979,"SOUTHERN AMERICA"
"32","EQG",0.267128622292905,0.149120268532594,0.42375544285586,0.211200257365436,1,0.50539478785563,0.00566689864993548,0.649573243939475,0.711480680997069,0.251642884393403,0.121469142169836,0.0618793074890027,"AFRICA"
"33","ETH",0.121331555450881,0.0796164412430819,0.355195501251256,0.251288684149575,0.257211228389856,0.245928164237441,0.293602067982286,0.625041754453198,0.185299205249129,0.463813242439677,0.407159948750275,0.504589662183456,"AFRICA"
"34","FRG",0.446055499249693,0.467667602762662,0.688704178963234,0.494998830849743,0.764335100978529,0.557269856777371,0.0210035044256678,0.798887289082616,0.771751398307686,0.178996340861939,0.039550597941264,0,"SOUTHERN AMERICA"
"35","GAB",0.68295977732202,0.620845742241151,0.430141013352263,0.218160633133714,1,0.478064748042586,0.0672414093725823,0.691780093061734,0.502125127601292,0.285783477483428,0.117357618328027,0.310844520026293,"AFRICA"
"36","GAM",0.133901630972915,0.0796164412430819,0.0950617211027423,0.115224025813457,0.252664595684329,0.129733311809094,0.00196431507451362,0.952995546158505,0.165730512378046,0.763716755569466,0,0.175962009587037,"AFRICA"
"37","GGI",0.302756084524184,0.238849323729246,0.371769360185829,0.13325553296789,0.583296059145763,0.155670846269965,0,0.656153571531392,0.670533484800963,0.282501916015902,0.168574374317392,0.314480823366423,"AFRICA"
"38","GHA",0.50920991628009,0.325055023102945,0.44032585643364,0.238350858366845,0.983411582603413,0.372977476750144,0.0615855443706266,0.882407930212528,0.308277856541179,0.327458581091096,0.0481569109706531,0.507197170388818,"AFRICA"
"39","GNB",0.254687039375741,0.159232882486164,0.321435159488513,0.141895104538975,0.612430376405213,0.18003191123395,0.00803656209971242,0.924885083451892,0.413520988446218,0.704508405406744,0.00885123246822555,0.350224543279354,"AFRICA"
"40","GUA",0.398405230965205,0.246732905015124,0.520252852616015,0.343446183765799,0.696989896787987,0.372977476750144,0.0276277300247145,0.598544045277022,0.588924804333543,0.306371743031289,0.432682927267148,0.50398709205305,"SOUTHERN AMERICA"
"41","GUI",0.433789258107274,0.291145721489225,0.476174797032179,0.251288684149575,0.89592344705988,0.322018603057748,0.0631602433099348,0.813583170341096,0.472317253320124,0.503891405082668,0.136517266411456,0.365133752220555,"AFRICA"
"42","GUY",0.497186250211547,0.548413526097131,0.715649211780253,0.590259321508625,0.764335100978529,0.652074522953771,0.0541816883025467,0.756789554273542,0.612565946082373,0.210941757364818,0.131625888711548,0.469302207500351,"SOUTHERN AMERICA"
"43","HAI",0.0723213419119679,0.104824980260516,0.153032708919973,0.0529698484805494,0.125078542213913,0.0380452194101532,0.00628480579850787,0.746147820934355,0.346523995516568,0.145605601010472,0.169263929173895,0.717919056594,"SOUTHERN AMERICA"
"44","HON",0.348404879920749,0.246732905015124,0.554830716961581,0.36909409266975,0.700373727964524,0.42004845277809,0.0284553112422769,0.651886583917263,0.492159586131828,0.278768686727825,0.256620479806384,0.638490818620332,"SOUTHERN AMERICA"
"45","IND",0.440403538065651,0.254466281566356,0.380422091642654,0.282057947817265,0.0553750631773994,0.129733311809094,0.696129598570226,0.828575785610449,0.244044396988689,0.665842655050672,0.128792583685567,0.301471221347246,"ASIA-TROPICAL"
"46","IVO",0.482429127832201,0.447107869517493,0.483626627402306,0.251288684149575,0.89592344705988,0.372977476750144,0.0830844613767912,0.820873725397816,0.320469046874191,0.305664961656183,0.0727539329400026,0.419164564009632,"AFRICA"
"47","JAM",0.0397812926106117,0.0514124213150171,0.0849104666551113,0.0859111142693531,0.127935946449931,0.0380452194101532,0.00204861444198742,0.782211076423499,0.464849882643917,0.158280322543748,0.114884192095747,0.637536156224287,"SOUTHERN AMERICA"
"48","JAW",0.21026905978938,0.305006756441024,0.170936501637672,0.305276533475969,0.624038764818035,0.266012133566763,0.0333095918983417,0.788073548290809,0.747153266332753,0.231040191023392,0.204972063444954,0.645267596668511,"ASIA-TROPICAL"
"49","KEN",0.204904485791278,0.269514774965373,0.592946565460765,0.348674935703782,0.667849413123976,0.356470351523668,0.151115362512293,0.738388938884405,0.110633008466895,0.398488189101141,0.368474414451702,0.459157289051937,"AFRICA"
"50","LAO",0.379442358441523,0.374850441752283,0.390566190803285,0.282057947817265,0.605795400059449,0.245928164237441,0.059206429720733,0.627409899057395,0.510703935910916,0.44250793354935,0.201865174102805,0.402824255698933,"ASIA-TROPICAL"
"51","LBR",0.47900784850055,0.374850441752283,0.474977099071912,0.218160633133714,0.89592344705988,0.339497963584098,0.0242416656240122,0.763963841087086,0.73479613324773,0.266762580591377,0.0841954255516402,0.0720428918257671,"AFRICA"
"52","LSI",0.191001543727877,0.205615486073263,0.449461554857772,0.494998830849743,0.510437218280954,0.53176497553684,0.0266240612737072,0.784683186600439,0.451331236773786,0.349469093897724,0.144367107243252,0.645185006842892,"ASIA-TROPICAL"
"53","MDG",0.206939509061076,0.318465764972328,0.000443908178904638,0.0145849070682315,0.67207650401344,0.356470351523668,0.154016985871473,0.617003734633048,0.387269354616152,0.489900480489918,0.251417458621653,0.761613486693289,"AFRICA"
"54","MLI",0.0185066861353389,0.0357867736956649,0.0954948654684604,0.124372450158235,0.286467153020146,0.129733311809094,0.3261768378399,1,0.00660773775749426,0.741152695449532,0.0374085819005366,0.151420233780038,"AFRICA"
"55","MLW",0.137847983326475,0.149120268532594,0.335708628439071,0.211200257365436,0.672654109221099,0.285337390048665,0.0301167995027607,0.559389402501269,0.265311605717637,0.542603288330761,0.222851556528101,0.11961508059296,"AFRICA"
"56","MLY",0.252354491781543,0.628929674470766,0.273211190113391,0.327438048816153,0.878115942003645,0.404736598721477,0.0336754278442044,0.819135087051675,0.725926435568543,0.113795002127952,0.137083531896343,0.308831492472611,"ASIA-TROPICAL"
"57","MOL",0.0533043803086969,0.0925364110389425,0.131356225894166,0.316480456316887,0.301369170923634,0.491856328474883,0.0147651868334807,0.769984038175679,0.678418162305083,0.0625910211596336,0.125650514090848,0.261272406404402,"ASIA-TROPICAL"
"58","MOZ",0.235466843552112,0.254466281566356,0.262844778082896,0.189537643074064,0.642826145802468,0.245928164237441,0.204528021425312,0.678846960927421,0.236330304819611,0.492744481787988,0.172183324677977,0.208142187911651,"AFRICA"
"59","MXC",0.224960268553308,0.104824980260516,0.335694364010361,0.276069459623593,0.707137845664919,0.339497963584098,0.0164728003165426,0.304743172229281,0.218603371603564,0.447604329190035,0.465139780227729,0.493253686199262,"NORTHERN AMERICA"
"60","MXE",8.15345130296246e-07,0,0.49432625141211,0.244868786615436,0.715891518681099,0.322018603057748,0.226624809866206,0.391291031231673,0.0769046712752513,0.40047993001992,0.434142127442971,0.428735303695353,"NORTHERN AMERICA"
"61","MXG",0.275503103467369,0.205615486073263,0.488994131488729,0.316480456316887,0.716911891415062,0.356470351523668,0.0177507999342956,0.710217655117236,0.468179402296091,0.350492436609545,0.362336496196742,0.420818249728822,"NORTHERN AMERICA"
"62","MXN",0.000270384742092435,0,0.299603961466731,0.150310156468267,0.534915765259397,0.203073179358165,0.0991288460875933,0.5648363525418,0.0231347091435296,0.475191913902953,0.270511839433369,0.242558226786097,"NORTHERN AMERICA"
"63","MXS",0.369617085084993,0.254466281566356,0.598001859525998,0.358980856698183,0.716911891415062,0.435016088302014,0.0851133868268587,0.537769710283476,0.272707935024005,0.551129114489825,0.419513723416152,0.475262470352985,"NORTHERN AMERICA"
"64","MXT",0.38191663787267,0.284052701762418,0.522467663138145,0.364060886457946,0.696989896787987,0.372977476750144,0.0609376924786222,0.760859186656695,0.402235278521401,0.303996394433341,0.240413134313793,0.524551935541553,"NORTHERN AMERICA"
"65","MYA",0.233715329433715,0.374850441752283,0.322763282920532,0.426252729803009,0.865970237338917,0.266012133566763,0.173636615571324,0.66466792895266,0.611305162004904,0.485646030145965,0.303481757949673,0.621271950412843,"ASIA-TROPICAL"
"66","NAT",0.00733775859349398,0.0357867736956649,0.166193975335664,0.13325553296789,0.543518338013652,0.101866780996666,0.0233801313258252,0.321250564636044,0.185931076990186,0.272075386674613,0.333714718893499,0.327350702796515,"AFRICA"
"67","NEP",0.0560821324191872,0.0659564195015303,0.286160196804681,0.244868786615436,0.0523483039234435,0.0380452194101532,0.0376047195735839,0.0216065456529818,0.44304252121007,0.54604531474759,1,0.398823129462974,"ASIA-TROPICAL"
"68","NGA",0.532533176089836,0.457473419551351,0.497764195461506,0.310910327306054,0.951138606542596,0.464005294881545,0.236436276815576,0.860142430421579,0.282277652691676,0.541957593939992,0.121443835001568,0.457996883109938,"AFRICA"
"69","NIC",0.455395313867922,0.305006756441024,0.53405094459069,0.374081746693114,0.700373727964524,0.464005294881545,0.0326234801548578,0.788448354217313,0.625274431881159,0.31050479041563,0.148570640918295,0.41523503897523,"SOUTHERN AMERICA"
"70","NTA",0.000833248331451008,0,0.0101518938074799,0.0644399420385407,0.0797466013581749,0,0.351373911787802,0.789243166947896,0.0895145405334891,0.45358554147329,0.111968195114432,0.23256224920658,"AUSTRALASIA"
"71","NWC",0.0489120466159532,0.0357867736956649,0.00787625316765397,0,0.0110906248742297,0,0.004188000681783,0.601363791887501,0.450866794534134,0.179859871677322,0.0875639782827131,0.565354332127631,"PACIFIC"
"72","NWG",0.175509143832866,0.305006756441024,0.636161340080287,0.465820652306923,0.669223820667653,0.844692309918849,0.2123628012977,0.665136649398331,0.940266270826236,0.0519175919076257,0.428175316616197,0.272741806309608,"ASIA-TROPICAL"
"73","PAN",0.433564194661077,0.566107417266779,0.585583046757022,0.579457534080837,0.714711431747568,0.605991986705342,0.0186289733453918,0.741852941564182,0.756720983198847,0.232688690946157,0.193776671161259,0.399040136617531,"SOUTHERN AMERICA"
"74","PAR",0.084677447688832,0.0796164412430819,0.547179009981743,0.374081746693114,0.577012492504983,0.285337390048665,0.103310388945798,0.686606299069791,0.292238474282593,0.165179285592662,0.0435223956488646,0.402571673992441,"SOUTHERN AMERICA"
"75","PER",0.580354047597097,0.875780853673901,0.846008946466484,0.902541094432716,0.858989053280986,0.835410264744821,0.336255127551928,0.380517631957575,0.430570046102382,0.259101349202587,0.836576702278554,0.98531101747429,"SOUTHERN AMERICA"
"76","PHI",0.186777999052296,0.38658993918953,0.133876129016092,0.338164877595279,0.415176481018365,0.569723281919051,0.0761253296461199,0.805529366461764,0.682426152237458,0.213812062882756,0.171107084009986,0.525130920761309,"ASIA-TROPICAL"
"77","QLD",0.30192161317784,0.222594156201383,0.0525381902585264,0.158517333033738,0.554725093523649,0.266012133566763,0.450613398917134,0.676215873300313,0.10853146225217,0.357464669385416,0.0921688744160748,0.427057915252476,"AUSTRALASIA"
"78","RWA",0.0944165737776909,0.0187948922599852,0.209379153619105,0.189537643074064,0.889339345999419,0.372977476750144,0.00573188834312451,0.409377379638307,0.289884754581527,0.202519757407837,0.182192448607827,0.184664737447477,"AFRICA"
"79","SEN",0.186143081567799,0.149120268532594,0.319716542033869,0.166531318339667,0.612430376405213,0.203073179358165,0.050364283448796,0.977388844973319,0.118125692490049,0.773090860708457,0.01825097748241,0.194726049572043,"AFRICA"
"80","SIE",0.423996239592571,0.305006756441024,0.474977099071912,0.225002001805427,0.893076037414845,0.30398392857921,0.0180976818851935,0.793400956149085,0.77677407822896,0.409363310499408,0.0889467484152503,0.315263355929188,"AFRICA"
"81","SOL",0.0190849095965536,0.0187948922599852,0.174153734813944,0.182030443228973,0.32256666060167,0.372977476750144,0.00879559987308894,0.804076380802917,1,0.017266165773928,0.114520726219135,0.388600194906216,"ASIA-TROPICAL"
"82","SOM",0.00876068412020663,0.0187948922599852,0.119182958821907,0.150310156468267,0.555955894623137,0.0715637305808829,0.16532128903339,0.86350089621737,0,0.553744925523796,0.214000930314499,0.166040486960969,"AFRICA"
"83","SRL",0.192214884268906,0.178551070495377,0.0587799946364116,0.105784958817792,0.0448646495207511,0.0380452194101532,0.0164762859952921,0.867922819407492,0.448594421277778,0.287611420460837,0.13915894344424,0.427516516539035,"ASIA-TROPICAL"
"84","SUD",0.262364199315763,0.178551070495377,0.579330783772355,0.310910327306054,0.885710826896288,0.339497963584098,0.648592565208313,0.878740047791132,0.0375029874885585,0.845738239190087,0.104212314588115,0.32692953378195,"AFRICA"
"85","SUL",0.26546011774273,0.196822667006134,0.0816234441822807,0.251288684149575,0.697819891031085,0.50539478785563,0.0477370942111083,0.695947752781783,0.676642728359651,0.105859513061674,0.271453281569071,0.389605370494878,"ASIA-TROPICAL"
"86","SUM",0.233232524372475,0.403740372483072,0.322102354846187,0.364060886457946,0.966206574745433,0.581989405495345,0.12214477367595,0.764930848161538,0.787687983322387,0.0683057811778851,0.228950149099886,0.426810211373081,"ASIA-TROPICAL"
"87","SUR",0.436661189063098,0.452312606628566,0.700884042512969,0.490907982073964,0.764335100978529,0.594076432730521,0.0370352169110532,0.799231622785076,0.6275148152212,0.194912572393404,0.0624291249133126,0.056771265841166,"SOUTHERN AMERICA"
"88","SWZ",0.0040442433798435,0.0187948922599852,0.107699208642625,0.0644399420385407,0.199996427202384,0.0715637305808829,0.00363721074787235,0.410147268791988,0.174749284004472,0.314756877933709,0.205333208895957,0.0790298798197275,"AFRICA"
"89","TAN",0.525131843105062,0.492455775529517,0.687213559373313,0.36909409266975,0.946898221072685,0.449661726230774,0.244994480159883,0.597815241184493,0.231542137261724,0.43321669113112,0.291734185832953,0.251190038020063,"AFRICA"
"90","THA",0.263831589890824,0.709279954626426,0.608782911326218,0.439721886662057,0.878857201117062,0.478064748042586,0.13307942998992,0.838407731698795,0.411047106883516,0.396221938707879,0.158745738657556,0.460698816234591,"ASIA-TROPICAL"
"91","TOG",0.173373961786857,0.116566560215516,0.383586324602702,0.204114439139826,0.871921182162537,0.30398392857921,0.0140839960204283,0.860426609374809,0.293049952681371,0.366082526421891,0.0866035485854612,0.205699370000476,"AFRICA"
"92","TRT",0.216343922054826,0.178551070495377,0.193413849939462,0.19689614130853,0.388470704176063,0.285337390048665,0.000479493008319647,0.845362418678108,0.532808310282077,0.180801225764,0.0419864957949226,0.532886767658762,"SOUTHERN AMERICA"
"93","TVL",0.0100130377863258,0.0659564195015303,0.16022235860263,0.150310156468267,0.199996427202384,0.0715637305808829,0.086836679167528,0.386155451800017,0.0985382733276318,0.385013243259686,0.240830878430908,0.205967517196978,"AFRICA"
"94","UGA",0.294044203887446,0.205615486073263,0.668264953137325,0.348674935703782,0.948401168097508,0.464005294881545,0.0623775947893487,0.599405159821485,0.300017619900348,0.170647563268426,0.156207031132921,0.666558993422032,"AFRICA"
"95","VAN",0.0426084467892899,0,0,0,0.00522904291931856,0,0.00248191778236309,0.723022137156876,0.783467085559632,0.098571190564711,0.0891298174968712,0.45447326256124,"PACIFIC"
"96","VEN",0.545591605035031,0.660468549694231,0.92900043733351,0.834192988815665,0.856944436051503,0.863023349562429,0.236855351118658,0.764085952137487,0.532919092123981,0.265938344149066,0.214438481756294,0.610022203338935,"SOUTHERN AMERICA"
"97","VIE",0.443253403919536,0.51162717583534,0.422450937599014,0.316480456316887,0.605795400059449,0.285337390048665,0.0841710181164031,0.68818752637352,0.529089910772338,0.386239961131619,0.214691720129861,0.501379392565496,"ASIA-TROPICAL"
"98","WIN",0.0732277861093996,0.116566560215516,0.0787722666220134,0.0644399420385407,0,0.0715637305808829,0.00015948265642641,0.813188955993604,0.610987953565706,0.140037993529783,0.063722137598494,0.662533570149399,"SOUTHERN AMERICA"
"99","ZAI",0.632276358421036,0.60442119488893,0.637263330969697,0.398377461896138,0.95603422074487,0.706547520217532,0.606774065175548,0.642478066343742,0.430850679001131,0.215123459759945,0.190503893662748,0.373439129504035,"AFRICA"
"100","ZAM",0.20370197368133,0.214201328261444,0.384142355007561,0.231730266627627,0.672654109221099,0.339497963584098,0.195512794962403,0.552281470134544,0.235016496341067,0.590832100693057,0.149354839849158,0.114571944745172,"AFRICA"
"101","ZIM",0.0751572020357185,0.127828278785734,0.243515930980591,0.158517333033738,0.558202231748904,0.18003191123395,0.100970598527007,0.516659089543409,0.126585477956725,0.548880185461718,0.184244899160565,0.0920757651057988,"AFRICA"
